{
  "0": [{"cam_R_m2c": [0.4564043879508972, -0.4121037423610687, 0.7885844707489014, -0.8259904980659485, -0.5257428884506226, 0.20330733060836792, 0.3308090567588806, -0.7441536784172058, -0.5803451538085938], "cam_t_m2c": [16.42537498474121, 123.82612609863281, 594.22119140625], "obj_id": 2}, {"cam_R_m2c": [0.4564043879508972, -0.4121037423610687, 0.7885844707489014, -0.8259904980659485, -0.5257428884506226, 0.20330733060836792, 0.3308090567588806, -0.7441536784172058, -0.5803451538085938], "cam_t_m2c": [5.719538688659668, -4.813624382019043, 691.03369140625], "obj_id": 4}, {"cam_R_m2c": [0.4564043879508972, 0.4121037721633911, -0.7885844707489014, -0.8259904980659485, 0.5257430672645569, -0.20330728590488434, 0.330809086561203, 0.744153618812561, 0.5803452730178833], "cam_t_m2c": [-89.18943786621094, 155.45384216308594, 590.05029296875], "obj_id": 1}, {"cam_R_m2c": [0.4564043879508972, -0.4121037423610687, 0.7885844707489014, -0.8259904980659485, -0.5257428884506226, 0.20330733060836792, 0.3308090567588806, -0.7441536784172058, -0.5803451538085938], "cam_t_m2c": [58.47073745727539, 105.9915771484375, 583.5369873046875], "obj_id": 5}, {"cam_R_m2c": [0.4564043879508972, -0.4121037423610687, 0.7885844707489014, -0.8259904980659485, -0.5257428884506226, 0.20330733060836792, 0.3308090567588806, -0.7441536784172058, -0.5803451538085938], "cam_t_m2c": [21.945573806762695, -166.3151092529297, 796.1483154296875], "obj_id": 6}, {"cam_R_m2c": [0.4564043879508972, -0.4121037423610687, 0.7885844707489014, -0.8259904980659485, -0.5257428884506226, 0.20330733060836792, 0.3308090567588806, -0.7441536784172058, -0.5803451538085938], "cam_t_m2c": [103.07304382324219, 79.9547348022461, 577.2317504882812], "obj_id": 3}],
  "1": [{"cam_R_m2c": [0.8242517113685608, -0.07967254519462585, 0.5605902075767517, -0.5662220120429993, -0.11828591674566269, 0.8157212734222412, 0.0013192978221923113, -0.9897781610488892, -0.14260973036289215], "cam_t_m2c": [-51.397308349609375, 125.49288940429688, 513.2463989257812], "obj_id": 2}, {"cam_R_m2c": [0.8242517113685608, -0.07967254519462585, 0.5605902075767517, -0.5662220120429993, -0.11828591674566269, 0.8157212734222412, 0.0013192978221923113, -0.9897781610488892, -0.14260973036289215], "cam_t_m2c": [7.663503170013428, -24.090152740478516, 526.3685913085938], "obj_id": 4}, {"cam_R_m2c": [0.8242517709732056, 0.07967259734869003, -0.5605901479721069, -0.5662219524383545, 0.1182861179113388, -0.8157212138175964, 0.0013193900231271982, 0.9897781014442444, 0.14260990917682648], "cam_t_m2c": [-157.9169464111328, 104.0926513671875, 494.0684509277344], "obj_id": 1}, {"cam_R_m2c": [0.8242517113685608, -0.07967254519462585, 0.5605902075767517, -0.5662220120429993, -0.11828591674566269, 0.8157212734222412, 0.0013192978221923113, -0.9897781610488892, -0.14260973036289215], "cam_t_m2c": [-6.320830345153809, 137.4339141845703, 508.19091796875], "obj_id": 5}, {"cam_R_m2c": [0.8242517113685608, -0.07967254519462585, 0.5605902075767517, -0.5662220120429993, -0.11828591674566269, 0.8157212734222412, 0.0013192978221923113, -0.9897781610488892, -0.14260973036289215], "cam_t_m2c": [106.95222473144531, -189.61318969726562, 538.1575927734375], "obj_id": 6}, {"cam_R_m2c": [0.8242517113685608, -0.07967254519462585, 0.5605902075767517, -0.5662220120429993, -0.11828591674566269, 0.8157212734222412, 0.0013192978221923113, -0.9897781610488892, -0.14260973036289215], "cam_t_m2c": [45.266780853271484, 142.26930236816406, 503.4604797363281], "obj_id": 3}],
  "2": [{"cam_R_m2c": [-0.9487357139587402, -0.04527003690600395, 0.3128115236759186, -0.3007144629955292, -0.17544899880886078, -0.937437117099762, 0.09732029587030411, -0.9834470748901367, 0.1528414636850357], "cam_t_m2c": [131.0816192626953, -26.988914489746094, 929.8360595703125], "obj_id": 2}, {"cam_R_m2c": [-0.9487357139587402, -0.04527003690600395, 0.3128115236759186, -0.3007144629955292, -0.17544899880886078, -0.937437117099762, 0.09732029587030411, -0.9834470748901367, 0.1528414636850357], "cam_t_m2c": [-23.872636795043945, 17.998159408569336, 928.943115234375], "obj_id": 4}, {"cam_R_m2c": [-0.9487356543540955, 0.045270081609487534, -0.31281155347824097, -0.30071449279785156, 0.1754489243030548, 0.937437117099762, 0.09732029587030411, 0.9834471344947815, -0.15284119546413422], "cam_t_m2c": [178.26519775390625, 60.292449951171875, 881.5880126953125], "obj_id": 1}, {"cam_R_m2c": [-0.9487357139587402, -0.04527003690600395, 0.3128115236759186, -0.3007144629955292, -0.17544899880886078, -0.937437117099762, 0.09732029587030411, -0.9834470748901367, 0.1528414636850357], "cam_t_m2c": [113.42998504638672, -69.62206268310547, 938.25439453125], "obj_id": 5}, {"cam_R_m2c": [-0.9487357139587402, -0.04527003690600395, 0.3128115236759186, -0.3007144629955292, -0.17544899880886078, -0.937437117099762, 0.09732029587030411, -0.9834470748901367, 0.1528414636850357], "cam_t_m2c": [-215.79977416992188, 41.170963287353516, 933.643798828125], "obj_id": 6}, {"cam_R_m2c": [-0.9487357139587402, -0.04527003690600395, 0.3128115236759186, -0.3007144629955292, -0.17544899880886078, -0.937437117099762, 0.09732029587030411, -0.9834470748901367, 0.1528414636850357], "cam_t_m2c": [86.18330383300781, -113.02377319335938, 947.2516479492188], "obj_id": 3}],
  "3": [{"cam_R_m2c": [0.2860496938228607, -0.39148780703544617, -0.8745929598808289, 0.7586621642112732, -0.4650132358074188, 0.45628318190574646, -0.5853266716003418, -0.7940402626991272, 0.16399012506008148], "cam_t_m2c": [-82.59626770019531, -39.78253936767578, 825.6246337890625], "obj_id": 2}, {"cam_R_m2c": [0.2860496938228607, -0.39148780703544617, -0.8745929598808289, 0.7586621642112732, -0.4650132358074188, 0.45628318190574646, -0.5853266716003418, -0.7940402626991272, 0.16399012506008148], "cam_t_m2c": [34.957481384277344, 19.997955322265625, 732.6576538085938], "obj_id": 4}, {"cam_R_m2c": [0.28604966402053833, 0.3914876878261566, 0.8745929598808289, 0.7586621046066284, 0.46501338481903076, -0.4562830924987793, -0.585326611995697, 0.7940402030944824, -0.16398993134498596], "cam_t_m2c": [-50.89607620239258, -145.1326446533203, 833.9100952148438], "obj_id": 1}, {"cam_R_m2c": [0.2860496938228607, -0.39148780703544617, -0.8745929598808289, 0.7586621642112732, -0.4650132358074188, 0.45628318190574646, -0.5853266716003418, -0.7940402626991272, 0.16399012506008148], "cam_t_m2c": [-105.15425872802734, -0.4260791540145874, 813.6982421875], "obj_id": 5}, {"cam_R_m2c": [0.2860496938228607, -0.39148780703544617, -0.8745929598808289, 0.7586621642112732, -0.4650132358074188, 0.45628318190574646, -0.5853266716003418, -0.7940402626991272, 0.16399012506008148], "cam_t_m2c": [156.05972290039062, 116.22382354736328, 616.59765625], "obj_id": 6}, {"cam_R_m2c": [0.2860496938228607, -0.39148780703544617, -0.8745929598808289, 0.7586621642112732, -0.4650132358074188, 0.45628318190574646, -0.5853266716003418, -0.7940402626991272, 0.16399012506008148], "cam_t_m2c": [-123.10853576660156, 45.05427932739258, 795.9155883789062], "obj_id": 3}],
  "4": [{"cam_R_m2c": [0.9562618136405945, -0.0028250606264919043, 0.29249852895736694, -0.28964924812316895, -0.14870497584342957, 0.9455103874206543, 0.04082489386200905, -0.9888774752616882, -0.1430191546678543], "cam_t_m2c": [-87.64775085449219, 104.22946166992188, 930.138671875], "obj_id": 2}, {"cam_R_m2c": [0.9562618136405945, -0.0028250606264919043, 0.29249852895736694, -0.28964924812316895, -0.14870497584342957, 0.9455103874206543, 0.04082489386200905, -0.9888774752616882, -0.1430191546678543], "cam_t_m2c": [13.360088348388672, -20.242372512817383, 948.56787109375], "obj_id": 4}, {"cam_R_m2c": [0.9562618136405945, 0.0028251062612980604, -0.29249852895736694, -0.28964924812316895, 0.14870531857013702, -0.9455103874206543, 0.04082489758729935, 0.9888774752616882, 0.14301951229572296], "cam_t_m2c": [-181.9005126953125, 51.317237854003906, 908.02734375], "obj_id": 1}, {"cam_R_m2c": [0.9562618136405945, -0.0028250606264919043, 0.29249852895736694, -0.28964924812316895, -0.14870497584342957, 0.9455103874206543, 0.04082489386200905, -0.9888774752616882, -0.1430191546678543], "cam_t_m2c": [-48.13912582397461, 129.2120361328125, 926.2689208984375], "obj_id": 5}, {"cam_R_m2c": [0.9562618136405945, -0.0028250606264919043, 0.29249852895736694, -0.28964924812316895, -0.14870497584342957, 0.9455103874206543, 0.04082489386200905, -0.9888774752616882, -0.1430191546678543], "cam_t_m2c": [157.55332946777344, -147.72389221191406, 967.3263549804688], "obj_id": 6}, {"cam_R_m2c": [0.9562618136405945, -0.0028250606264919043, 0.29249852895736694, -0.28964924812316895, -0.14870497584342957, 0.9455103874206543, 0.04082489386200905, -0.9888774752616882, -0.1430191546678543], "cam_t_m2c": [-0.29191839694976807, 149.40159606933594, 923.0962524414062], "obj_id": 3}],
  "5": [{"cam_R_m2c": [0.9462149143218994, 0.3217531442642212, 0.033944375813007355, 0.0837244838476181, -0.34484976530075073, 0.9349164366722107, 0.31251803040504456, -0.8817899227142334, -0.35324060916900635], "cam_t_m2c": [-114.54654693603516, 67.02544403076172, 655.2150268554688], "obj_id": 2}, {"cam_R_m2c": [0.9462149143218994, 0.3217531442642212, 0.033944375813007355, 0.0837244838476181, -0.34484976530075073, 0.9349164366722107, 0.31251803040504456, -0.8817899227142334, -0.35324060916900635], "cam_t_m2c": [8.592771530151367, -6.678290843963623, 728.9708862304688], "obj_id": 4}, {"cam_R_m2c": [0.9462149143218994, -0.3217531740665436, -0.03394439071416855, 0.0837244763970375, 0.3448498249053955, -0.9349164366722107, 0.31251806020736694, 0.8817899227142334, 0.3532406687736511], "cam_t_m2c": [-179.05575561523438, -19.24957847595215, 631.3951416015625], "obj_id": 1}, {"cam_R_m2c": [0.9462149143218994, 0.3217531442642212, 0.033944375813007355, 0.0837244838476181, -0.34484976530075073, 0.9349164366722107, 0.31251803040504456, -0.8817899227142334, -0.35324060916900635], "cam_t_m2c": [-84.58158111572266, 102.9749755859375, 652.0897216796875], "obj_id": 5}, {"cam_R_m2c": [0.9462149143218994, 0.3217531442642212, 0.033944375813007355, 0.0837244838476181, -0.34484976530075073, 0.9349164366722107, 0.31251803040504456, -0.8817899227142334, -0.35324060916900635], "cam_t_m2c": [171.97567749023438, -67.74532318115234, 812.4691162109375], "obj_id": 6}, {"cam_R_m2c": [0.9462149143218994, 0.3217531442642212, 0.033944375813007355, 0.0837244838476181, -0.34484976530075073, 0.9349164366722107, 0.31251803040504456, -0.8817899227142334, -0.35324060916900635], "cam_t_m2c": [-45.805519104003906, 137.66091918945312, 652.673583984375], "obj_id": 3}],
  "6": [{"cam_R_m2c": [0.8946376442909241, -0.1469518095254898, 0.4219343662261963, -0.42050495743751526, -0.5960848927497864, 0.684001624584198, 0.1509934514760971, -0.7893591523170471, -0.595073938369751], "cam_t_m2c": [-67.17459106445312, 113.97994232177734, 567.1303100585938], "obj_id": 2}, {"cam_R_m2c": [0.8946376442909241, -0.1469518095254898, 0.4219343662261963, -0.42050495743751526, -0.5960848927497864, 0.684001624584198, 0.1509934514760971, -0.7893591523170471, -0.595073938369751], "cam_t_m2c": [13.862613677978516, -4.207540512084961, 641.2932739257812], "obj_id": 4}, {"cam_R_m2c": [0.8946377038955688, 0.1469518393278122, -0.4219343364238739, -0.42050492763519287, 0.5960851311683655, -0.6840015649795532, 0.1509934812784195, 0.7893590331077576, 0.5950741767883301], "cam_t_m2c": [-170.7204132080078, 77.01856994628906, 576.3129272460938], "obj_id": 1}, {"cam_R_m2c": [0.8946376442909241, -0.1469518095254898, 0.4219343662261963, -0.42050495743751526, -0.5960848927497864, 0.684001624584198, 0.1509934514760971, -0.7893591523170471, -0.595073938369751], "cam_t_m2c": [-24.913639068603516, 125.6423110961914, 550.4559326171875], "obj_id": 5}, {"cam_R_m2c": [0.8946376442909241, -0.1469518095254898, 0.4219343662261963, -0.42050495743751526, -0.5960848927497864, 0.684001624584198, 0.1509934514760971, -0.7893591523170471, -0.595073938369751], "cam_t_m2c": [136.7463836669922, -133.4712371826172, 716.030029296875], "obj_id": 6}, {"cam_R_m2c": [0.8946376442909241, -0.1469518095254898, 0.4219343662261963, -0.42050495743751526, -0.5960848927497864, 0.684001624584198, 0.1509934514760971, -0.7893591523170471, -0.595073938369751], "cam_t_m2c": [24.82341766357422, 131.85621643066406, 536.504150390625], "obj_id": 3}],
  "7": [{"cam_R_m2c": [0.47612082958221436, -0.136252760887146, -0.8687600493431091, 0.8217098712921143, -0.2829391658306122, 0.49471011757850647, -0.31321194767951965, -0.9494105577468872, -0.02275293879210949], "cam_t_m2c": [-111.39360046386719, -49.674224853515625, 445.7093505859375], "obj_id": 2}, {"cam_R_m2c": [0.47612082958221436, -0.136252760887146, -0.8687600493431091, 0.8217098712921143, -0.2829391658306122, 0.49471011757850647, -0.31321194767951965, -0.9494105577468872, -0.02275293879210949], "cam_t_m2c": [30.985254287719727, 15.028156280517578, 405.9938049316406], "obj_id": 4}, {"cam_R_m2c": [0.4761207699775696, 0.13625267148017883, 0.8687601685523987, 0.8217099905014038, 0.28293925523757935, -0.4947100579738617, -0.3132118880748749, 0.949410617351532, 0.02275308221578598], "cam_t_m2c": [-86.8602294921875, -157.1956024169922, 442.63299560546875], "obj_id": 1}, {"cam_R_m2c": [0.47612082958221436, -0.136252760887146, -0.8687600493431091, 0.8217098712921143, -0.2829391658306122, 0.49471011757850647, -0.31321194767951965, -0.9494105577468872, -0.02275293879210949], "cam_t_m2c": [-127.96761322021484, -7.028934955596924, 435.37896728515625], "obj_id": 5}, {"cam_R_m2c": [0.47612082958221436, -0.136252760887146, -0.8687600493431091, 0.8217098712921143, -0.2829391658306122, 0.49471011757850647, -0.31321194767951965, -0.9494105577468872, -0.02275293879210949], "cam_t_m2c": [184.98695373535156, 119.2096176147461, 352.8448791503906], "obj_id": 6}, {"cam_R_m2c": [0.47612082958221436, -0.136252760887146, -0.8687600493431091, 0.8217098712921143, -0.2829391658306122, 0.49471011757850647, -0.31321194767951965, -0.9494105577468872, -0.02275293879210949], "cam_t_m2c": [-138.16580200195312, 42.24805450439453, 422.1572265625], "obj_id": 3}],
  "8": [{"cam_R_m2c": [0.9732113480567932, -0.030654409900307655, -0.2278595119714737, 0.1795888990163803, -0.5174497365951538, 0.8366561532020569, -0.14355304837226868, -0.8551643490791321, -0.4980827867984772], "cam_t_m2c": [-125.56616973876953, 54.377845764160156, 521.737548828125], "obj_id": 2}, {"cam_R_m2c": [0.9732113480567932, -0.030654409900307655, -0.2278595119714737, 0.1795888990163803, -0.5174497365951538, 0.8366561532020569, -0.14355304837226868, -0.8551643490791321, -0.4980827867984772], "cam_t_m2c": [24.941043853759766, 2.3821098804473877, 547.8045043945312], "obj_id": 4}, {"cam_R_m2c": [0.9732113480567932, 0.03065439686179161, 0.2278595119714737, 0.1795888990163803, 0.5174498558044434, -0.8366560935974121, -0.14355304837226868, 0.8551642894744873, 0.49808287620544434], "cam_t_m2c": [-183.2039031982422, -37.01872253417969, 544.0256958007812], "obj_id": 1}, {"cam_R_m2c": [0.9732113480567932, -0.030654409900307655, -0.2278595119714737, 0.1795888990163803, -0.5174497365951538, 0.8366561532020569, -0.14355304837226868, -0.8551643490791321, -0.4980827867984772], "cam_t_m2c": [-104.13538360595703, 89.72942352294922, 499.5785217285156], "obj_id": 5}, {"cam_R_m2c": [0.9732113480567932, -0.030654409900307655, -0.2278595119714737, 0.1795888990163803, -0.5174497365951538, 0.8366561532020569, -0.14355304837226868, -0.8551643490791321, -0.4980827867984772], "cam_t_m2c": [214.28089904785156, -33.8901481628418, 562.9652709960938], "obj_id": 6}, {"cam_R_m2c": [0.9732113480567932, -0.030654409900307655, -0.2278595119714737, 0.1795888990163803, -0.5174497365951538, 0.8366561532020569, -0.14355304837226868, -0.8551643490791321, -0.4980827867984772], "cam_t_m2c": [-73.06597137451172, 124.9330825805664, 477.1634826660156], "obj_id": 3}],
  "9": [{"cam_R_m2c": [0.9997133612632751, 0.022492051124572754, -0.008200613781809807, 0.013456045649945736, -0.24459439516067505, 0.9695320129394531, 0.019800940528512, -0.9693645238876343, -0.24482694268226624], "cam_t_m2c": [-114.61822509765625, 74.43611907958984, 702.584716796875], "obj_id": 2}, {"cam_R_m2c": [0.9997133612632751, 0.022492051124572754, -0.008200613781809807, 0.013456045649945736, -0.24459439516067505, 0.9695320129394531, 0.019800940528512, -0.9693645238876343, -0.24482694268226624], "cam_t_m2c": [19.483495712280273, -11.78353214263916, 727.4515380859375], "obj_id": 4}, {"cam_R_m2c": [0.9997133612632751, -0.022492049261927605, 0.008200610056519508, 0.013456041924655437, 0.2445945292711258, -0.9695320129394531, 0.019800938665866852, 0.9693645238876343, 0.24482707679271698], "cam_t_m2c": [-189.01837158203125, -6.088061332702637, 690.2285766601562], "obj_id": 1}, {"cam_R_m2c": [0.9997133612632751, 0.022492051124572754, -0.008200613781809807, 0.013456045649945736, -0.24459439516067505, 0.9695320129394531, 0.019800940528512, -0.9693645238876343, -0.24482694268226624], "cam_t_m2c": [-84.53352355957031, 109.48728942871094, 694.4385375976562], "obj_id": 5}, {"cam_R_m2c": [0.9997133612632751, 0.022492051124572754, -0.008200613781809807, 0.013456045649945736, -0.24459439516067505, 0.9695320129394531, 0.019800940528512, -0.9693645238876343, -0.24482694268226624], "cam_t_m2c": [195.67501831054688, -87.993408203125, 750.7693481445312], "obj_id": 6}, {"cam_R_m2c": [0.9997133612632751, 0.022492051124572754, -0.008200613781809807, 0.013456045649945736, -0.24459439516067505, 0.9695320129394531, 0.019800940528512, -0.9693645238876343, -0.24482694268226624], "cam_t_m2c": [-45.042911529541016, 142.53912353515625, 687.0150146484375], "obj_id": 3}],
  "10": [{"cam_R_m2c": [0.7615362405776978, -0.13015413284301758, 0.6349192261695862, -0.6480777263641357, -0.14142915606498718, 0.7483267188072205, -0.007601673249155283, -0.9813549518585205, -0.1920534074306488], "cam_t_m2c": [-37.51015090942383, 130.69900512695312, 693.562744140625], "obj_id": 2}, {"cam_R_m2c": [0.7615362405776978, -0.13015413284301758, 0.6349192261695862, -0.6480777263641357, -0.14142915606498718, 0.7483267188072205, -0.007601673249155283, -0.9813549518585205, -0.1920534074306488], "cam_t_m2c": [6.437044620513916, -23.68512725830078, 709.9833984375], "obj_id": 4}, {"cam_R_m2c": [0.761536180973053, 0.13015417754650116, -0.634919285774231, -0.6480777859687805, 0.14142929017543793, -0.7483267188072205, -0.007601708639413118, 0.9813549518585205, 0.19205357134342194], "cam_t_m2c": [-146.32896423339844, 119.81809997558594, 678.9932250976562], "obj_id": 1}, {"cam_R_m2c": [0.7615362405776978, -0.13015413284301758, 0.6349192261695862, -0.6480777263641357, -0.14142915606498718, 0.7483267188072205, -0.007601673249155283, -0.9813549518585205, -0.1920534074306488], "cam_t_m2c": [8.31648063659668, 137.74465942382812, 686.469482421875], "obj_id": 5}, {"cam_R_m2c": [0.7615362405776978, -0.13015413284301758, 0.6349192261695862, -0.6480777263641357, -0.14142915606498718, 0.7483267188072205, -0.007601673249155283, -0.9813549518585205, -0.1920534074306488], "cam_t_m2c": [88.6905746459961, -198.1184539794922, 724.2130737304688], "obj_id": 6}, {"cam_R_m2c": [0.7615362405776978, -0.13015413284301758, 0.6349192261695862, -0.6480777263641357, -0.14142915606498718, 0.7483267188072205, -0.007601673249155283, -0.9813549518585205, -0.1920534074306488], "cam_t_m2c": [59.902339935302734, 137.06375122070312, 679.7259521484375], "obj_id": 3}],
  "11": [{"cam_R_m2c": [0.8139490485191345, 0.30606794357299805, 0.4937705397605896, -0.13815490901470184, -0.7235894799232483, 0.6762626767158508, 0.5642696022987366, -0.6186601519584656, -0.5466800928115845], "cam_t_m2c": [-66.53080749511719, 85.2400894165039, 371.5201110839844], "obj_id": 2}, {"cam_R_m2c": [0.8139490485191345, 0.30606794357299805, 0.4937705397605896, -0.13815490901470184, -0.7235894799232483, 0.6762626767158508, 0.5642696022987366, -0.6186601519584656, -0.5466800928115845], "cam_t_m2c": [-2.7784276008605957, 5.419370651245117, 496.4190368652344], "obj_id": 4}, {"cam_R_m2c": [0.8139490485191345, -0.30606791377067566, -0.493770569562912, -0.13815493881702423, 0.7235896587371826, -0.6762626767158508, 0.5642696022987366, 0.6186602115631104, 0.5466802716255188], "cam_t_m2c": [-155.72451782226562, 23.65374755859375, 350.9335632324219], "obj_id": 1}, {"cam_R_m2c": [0.8139490485191345, 0.30606794357299805, 0.4937705397605896, -0.13815490901470184, -0.7235894799232483, 0.6762626767158508, 0.5642696022987366, -0.6186601519584656, -0.5466800928115845], "cam_t_m2c": [-24.154924392700195, 105.20555114746094, 369.1328430175781], "obj_id": 5}, {"cam_R_m2c": [0.8139490485191345, 0.30606794357299805, 0.4937705397605896, -0.13815490901470184, -0.7235894799232483, 0.6762626767158508, 0.5642696022987366, -0.6186601519584656, -0.5466800928115845], "cam_t_m2c": [100.11652374267578, -73.64291381835938, 639.7957763671875], "obj_id": 6}, {"cam_R_m2c": [0.8139490485191345, 0.30606794357299805, 0.4937705397605896, -0.13815490901470184, -0.7235894799232483, 0.6762626767158508, 0.5642696022987366, -0.6186601519584656, -0.5466800928115845], "cam_t_m2c": [24.78185272216797, 122.39095306396484, 373.2430114746094], "obj_id": 3}],
  "12": [{"cam_R_m2c": [0.8518623113632202, -0.27264758944511414, 0.4472067356109619, -0.5117577314376831, -0.6150541305541992, 0.5998435616493225, 0.11151048541069031, -0.7398456335067749, -0.6634709239006042], "cam_t_m2c": [-56.764400482177734, 118.9398422241211, 555.557373046875], "obj_id": 2}, {"cam_R_m2c": [0.8518623113632202, -0.27264758944511414, 0.4472067356109619, -0.5117577314376831, -0.6150541305541992, 0.5998435616493225, 0.11151048541069031, -0.7398456335067749, -0.6634709239006042], "cam_t_m2c": [16.272533416748047, -3.7804524898529053, 630.6625366210938], "obj_id": 4}, {"cam_R_m2c": [0.8518623113632202, 0.27264758944511414, -0.44720667600631714, -0.5117576718330383, 0.6150543093681335, -0.5998435020446777, 0.11151047050952911, 0.7398455739021301, 0.6634711027145386], "cam_t_m2c": [-162.72384643554688, 94.58221435546875, 574.3057250976562], "obj_id": 1}, {"cam_R_m2c": [0.8518623113632202, -0.27264758944511414, 0.4472067356109619, -0.5117577314376831, -0.6150541305541992, 0.5998435616493225, 0.11151048541069031, -0.7398456335067749, -0.6634709239006042], "cam_t_m2c": [-14.90023136138916, 124.82231903076172, 535.2393188476562], "obj_id": 5}, {"cam_R_m2c": [0.8518623113632202, -0.27264758944511414, 0.4472067356109619, -0.5117577314376831, -0.6150541305541992, 0.5998435616493225, 0.11151048541069031, -0.7398456335067749, -0.6634709239006042], "cam_t_m2c": [129.59779357910156, -142.2457733154297, 704.010009765625], "obj_id": 6}, {"cam_R_m2c": [0.8518623113632202, -0.27264758944511414, 0.4472067356109619, -0.5117577314376831, -0.6150541305541992, 0.5998435616493225, 0.11151048541069031, -0.7398456335067749, -0.6634709239006042], "cam_t_m2c": [33.98294448852539, 124.58392333984375, 517.423095703125], "obj_id": 3}],
  "13": [{"cam_R_m2c": [0.917145848274231, 0.09216684848070145, -0.3877483010292053, 0.34609243273735046, -0.6666426062583923, 0.660157322883606, -0.1976449191570282, -0.7396572828292847, -0.6433067321777344], "cam_t_m2c": [-134.21023559570312, 27.48030662536621, 787.3275756835938], "obj_id": 2}, {"cam_R_m2c": [0.917145848274231, 0.09216684848070145, -0.3877483010292053, 0.34609243273735046, -0.6666426062583923, 0.660157322883606, -0.1976449191570282, -0.7396572828292847, -0.6433067321777344], "cam_t_m2c": [23.33287811279297, 13.718055725097656, 819.3623657226562], "obj_id": 4}, {"cam_R_m2c": [0.917145848274231, -0.09216685593128204, 0.3877483010292053, 0.34609243273735046, 0.6666426062583923, -0.660157322883606, -0.1976449191570282, 0.7396572828292847, 0.6433067321777344], "cam_t_m2c": [-172.01736450195312, -67.8597412109375, 827.98583984375], "obj_id": 1}, {"cam_R_m2c": [0.917145848274231, 0.09216684848070145, -0.3877483010292053, 0.34609243273735046, -0.6666426062583923, 0.660157322883606, -0.1976449191570282, -0.7396572828292847, -0.6433067321777344], "cam_t_m2c": [-120.19606018066406, 61.584861755371094, 758.3358764648438], "obj_id": 5}, {"cam_R_m2c": [0.917145848274231, 0.09216684848070145, -0.3877483010292053, 0.34609243273735046, -0.6666426062583923, 0.660157322883606, -0.1976449191570282, -0.7396572828292847, -0.6433067321777344], "cam_t_m2c": [215.78656005859375, 20.983793258666992, 836.7949829101562], "obj_id": 6}, {"cam_R_m2c": [0.917145848274231, 0.09216684848070145, -0.3877483010292053, 0.34609243273735046, -0.6666426062583923, 0.660157322883606, -0.1976449191570282, -0.7396572828292847, -0.6433067321777344], "cam_t_m2c": [-96.71918487548828, 97.4920425415039, 728.898681640625], "obj_id": 3}],
  "14": [{"cam_R_m2c": [0.6887744665145874, -0.11201030015945435, 0.7162705063819885, -0.7230592370033264, -0.17792578041553497, 0.667478621006012, 0.052678514271974564, -0.9776482582092285, -0.20354081690311432], "cam_t_m2c": [-24.045597076416016, 134.5738983154297, 575.677490234375], "obj_id": 2}, {"cam_R_m2c": [0.6887744665145874, -0.11201030015945435, 0.7162705063819885, -0.7230592370033264, -0.17792578041553497, 0.667478621006012, 0.052678514271974564, -0.9776482582092285, -0.20354081690311432], "cam_t_m2c": [2.810396194458008, -22.472999572753906, 601.18212890625], "obj_id": 4}, {"cam_R_m2c": [0.6887744665145874, 0.11201030015945435, -0.7162705063819885, -0.7230592370033264, 0.17792579531669617, -0.667478621006012, 0.052678514271974564, 0.9776482582092285, 0.2035408318042755], "cam_t_m2c": [-132.86692810058594, 134.29266357421875, 557.5106201171875], "obj_id": 1}, {"cam_R_m2c": [0.6887744665145874, -0.11201030015945435, 0.7162705063819885, -0.7230592370033264, -0.17792578041553497, 0.667478621006012, 0.052678514271974564, -0.9776482582092285, -0.20354081690311432], "cam_t_m2c": [22.476808547973633, 136.45233154296875, 570.0055541992188], "obj_id": 5}, {"cam_R_m2c": [0.6887744665145874, -0.11201030015945435, 0.7162705063819885, -0.7230592370033264, -0.17792578041553497, 0.667478621006012, 0.052678514271974564, -0.9776482582092285, -0.20354081690311432], "cam_t_m2c": [65.69578552246094, -203.51925659179688, 626.926513671875], "obj_id": 6}, {"cam_R_m2c": [0.6887744665145874, -0.11201030015945435, 0.7162705063819885, -0.7230592370033264, -0.17792578041553497, 0.667478621006012, 0.052678514271974564, -0.9776482582092285, -0.20354081690311432], "cam_t_m2c": [73.89681243896484, 130.07736206054688, 565.2744750976562], "obj_id": 3}],
  "15": [{"cam_R_m2c": [0.21970276534557343, 0.28833597898483276, -0.9319834113121033, 0.7556706666946411, -0.6544990539550781, -0.024348797276616096, -0.6170029044151306, -0.6989229917526245, -0.36168229579925537], "cam_t_m2c": [-99.52965545654297, -67.77806091308594, 826.4534301757812], "obj_id": 2}, {"cam_R_m2c": [0.21970276534557343, 0.28833597898483276, -0.9319834113121033, 0.7556706666946411, -0.6544990539550781, -0.024348797276616096, -0.6170029044151306, -0.6989229917526245, -0.36168229579925537], "cam_t_m2c": [14.38363265991211, 35.23540115356445, 776.981689453125], "obj_id": 4}, {"cam_R_m2c": [0.21970272064208984, -0.28833603858947754, 0.9319834113121033, 0.7556706666946411, 0.6544989943504333, 0.024348873645067215, -0.6170029044151306, 0.6989229917526245, 0.36168229579925537], "cam_t_m2c": [-38.13996505737305, -142.8101806640625, 879.1192016601562], "obj_id": 1}, {"cam_R_m2c": [0.21970276534557343, 0.28833597898483276, -0.9319834113121033, 0.7556706666946411, -0.6544990539550781, -0.024348797276616096, -0.6170029044151306, -0.6989229917526245, -0.36168229579925537], "cam_t_m2c": [-126.15430450439453, -45.68593215942383, 794.7816772460938], "obj_id": 5}, {"cam_R_m2c": [0.21970276534557343, 0.28833597898483276, -0.9319834113121033, 0.7556706666946411, -0.6544990539550781, -0.024348797276616096, -0.6170029044151306, -0.6989229917526245, -0.36168229579925537], "cam_t_m2c": [128.48788452148438, 169.88722229003906, 697.9613647460938], "obj_id": 6}, {"cam_R_m2c": [0.21970276534557343, 0.28833597898483276, -0.9319834113121033, 0.7556706666946411, -0.6544990539550781, -0.024348797276616096, -0.6170029044151306, -0.6989229917526245, -0.36168229579925537], "cam_t_m2c": [-148.6724395751953, -16.4442081451416, 758.1088256835938], "obj_id": 3}],
  "16": [{"cam_R_m2c": [0.5823363661766052, 0.2564248740673065, -0.7714470624923706, 0.7955822944641113, -0.3748526871204376, 0.47595611214637756, -0.16713204979896545, -0.8909162282943726, -0.4222974479198456], "cam_t_m2c": [-128.33053588867188, -45.28142547607422, 890.7719116210938], "obj_id": 2}, {"cam_R_m2c": [0.5823363661766052, 0.2564248740673065, -0.7714470624923706, 0.7955822944641113, -0.3748526871204376, 0.47595611214637756, -0.16713204979896545, -0.8909162282943726, -0.4222974479198456], "cam_t_m2c": [19.38288116455078, 17.63813591003418, 906.8135986328125], "obj_id": 4}, {"cam_R_m2c": [0.5823363661766052, -0.2564249336719513, 0.7714470624923706, 0.7955822944641113, 0.3748527765274048, -0.475955992937088, -0.16713206470012665, 0.8909161686897278, 0.42229756712913513], "cam_t_m2c": [-107.3016586303711, -152.1862030029297, 908.1314697265625], "obj_id": 1}, {"cam_R_m2c": [0.5823363661766052, 0.2564248740673065, -0.7714470624923706, 0.7955822944641113, -0.3748526871204376, 0.47595611214637756, -0.16713204979896545, -0.8909162282943726, -0.4222974479198456], "cam_t_m2c": [-138.19992065429688, -4.100157737731934, 870.604248046875], "obj_id": 5}, {"cam_R_m2c": [0.5823363661766052, 0.2564248740673065, -0.7714470624923706, 0.7955822944641113, -0.3748526871204376, 0.47595611214637756, -0.16713204979896545, -0.8909162282943726, -0.4222974479198456], "cam_t_m2c": [184.14720153808594, 118.75202941894531, 911.6927490234375], "obj_id": 6}, {"cam_R_m2c": [0.5823363661766052, 0.2564248740673065, -0.7714470624923706, 0.7955822944641113, -0.3748526871204376, 0.47595611214637756, -0.16713204979896545, -0.8909162282943726, -0.4222974479198456], "cam_t_m2c": [-140.90945434570312, 43.50857162475586, 849.7930908203125], "obj_id": 3}],
  "17": [{"cam_R_m2c": [0.8153096437454224, -0.12824688851833344, -0.5646440386772156, 0.44627782702445984, -0.48214399814605713, 0.7539052367210388, -0.3689257800579071, -0.8666543364524841, -0.3358629047870636], "cam_t_m2c": [-128.5708770751953, 17.220142364501953, 836.760498046875], "obj_id": 2}, {"cam_R_m2c": [0.8153096437454224, -0.12824688851833344, -0.5646440386772156, 0.44627782702445984, -0.48214399814605713, 0.7539052367210388, -0.3689257800579071, -0.8666543364524841, -0.3358629047870636], "cam_t_m2c": [31.44643783569336, 8.311705589294434, 818.037353515625], "obj_id": 4}, {"cam_R_m2c": [0.8153096437454224, 0.12824684381484985, 0.5646440386772156, 0.4462778866291046, 0.4821440875530243, -0.7539052367210388, -0.3689257502555847, 0.8666543364524841, 0.33586299419403076], "cam_t_m2c": [-152.1133575439453, -87.14787292480469, 863.6913452148438], "obj_id": 1}, {"cam_R_m2c": [0.8153096437454224, -0.12824688851833344, -0.5646440386772156, 0.44627782702445984, -0.48214399814605713, 0.7539052367210388, -0.3689257800579071, -0.8666543364524841, -0.3358629047870636], "cam_t_m2c": [-123.9717788696289, 57.71867370605469, 813.5494995117188], "obj_id": 5}, {"cam_R_m2c": [0.8153096437454224, -0.12824688851833344, -0.5646440386772156, 0.44627782702445984, -0.48214399814605713, 0.7539052367210388, -0.3689257800579071, -0.8666543364524841, -0.3358629047870636], "cam_t_m2c": [220.35592651367188, 25.57025146484375, 780.481201171875], "obj_id": 6}, {"cam_R_m2c": [0.8153096437454224, -0.12824688851833344, -0.5646440386772156, 0.44627782702445984, -0.48214399814605713, 0.7539052367210388, -0.3689257800579071, -0.8666543364524841, -0.3358629047870636], "cam_t_m2c": [-110.47846984863281, 100.75509643554688, 787.6104125976562], "obj_id": 3}],
  "18": [{"cam_R_m2c": [0.899911642074585, 0.17060139775276184, -0.4013155698776245, 0.43515709042549133, -0.41091856360435486, 0.8011143207550049, -0.02823679707944393, -0.8955674767494202, -0.4440288245677948], "cam_t_m2c": [-135.56927490234375, 19.685976028442383, 452.3598327636719], "obj_id": 2}, {"cam_R_m2c": [0.899911642074585, 0.17060139775276184, -0.4013155698776245, 0.43515709042549133, -0.41091856360435486, 0.8011143207550049, -0.02823679707944393, -0.8955674767494202, -0.4440288245677948], "cam_t_m2c": [20.906522750854492, 5.0084052085876465, 488.90234375], "obj_id": 4}, {"cam_R_m2c": [0.899911642074585, -0.17060144245624542, 0.4013155698776245, 0.4351571202278137, 0.4109187126159668, -0.8011142611503601, -0.02823680453002453, 0.8955673575401306, 0.44402894377708435], "cam_t_m2c": [-168.70872497558594, -85.2173843383789, 460.6820983886719], "obj_id": 1}, {"cam_R_m2c": [0.899911642074585, 0.17060139775276184, -0.4013155698776245, 0.43515709042549133, -0.41091856360435486, 0.8011143207550049, -0.02823679707944393, -0.8955674767494202, -0.4440288245677948], "cam_t_m2c": [-122.56353759765625, 61.533409118652344, 435.6362609863281], "obj_id": 5}, {"cam_R_m2c": [0.899911642074585, 0.17060139775276184, -0.4013155698776245, 0.43515709042549133, -0.41091856360435486, 0.8011143207550049, -0.02823679707944393, -0.8955674767494202, -0.4440288245677948], "cam_t_m2c": [211.4337921142578, 16.48848533630371, 519.9293823242188], "obj_id": 6}, {"cam_R_m2c": [0.899911642074585, 0.17060139775276184, -0.4013155698776245, 0.43515709042549133, -0.41091856360435486, 0.8011143207550049, -0.02823679707944393, -0.8955674767494202, -0.4440288245677948], "cam_t_m2c": [-100.22721862792969, 105.71080017089844, 419.62103271484375], "obj_id": 3}],
  "19": [{"cam_R_m2c": [0.9823191165924072, 0.1768447905778885, 0.061441678553819656, -0.0072035593912005424, -0.2922423779964447, 0.9563171863555908, 0.18707557022571564, -0.9398512244224548, -0.28580138087272644], "cam_t_m2c": [-112.34703063964844, 77.27275085449219, 582.9097900390625], "obj_id": 2}, {"cam_R_m2c": [0.9823191165924072, 0.1768447905778885, 0.061441678553819656, -0.0072035593912005424, -0.2922423779964447, 0.9563171863555908, 0.18707557022571564, -0.9398512244224548, -0.28580138087272644], "cam_t_m2c": [13.112199783325195, -10.503143310546875, 633.8099975585938], "obj_id": 4}, {"cam_R_m2c": [0.9823191165924072, -0.1768447905778885, -0.061441678553819656, -0.0072035593912005424, 0.2922423481941223, -0.9563171863555908, 0.18707557022571564, 0.9398512244224548, 0.28580132126808167], "cam_t_m2c": [-185.9835968017578, -2.133124589920044, 561.8250732421875], "obj_id": 1}, {"cam_R_m2c": [0.9823191165924072, 0.1768447905778885, 0.061441678553819656, -0.0072035593912005424, -0.2922423779964447, 0.9563171863555908, 0.18707557022571564, -0.9398512244224548, -0.28580138087272644], "cam_t_m2c": [-80.30248260498047, 111.22396087646484, 578.3823852539062], "obj_id": 5}, {"cam_R_m2c": [0.9823191165924072, 0.1768447905778885, 0.061441678553819656, -0.0072035593912005424, -0.2922423779964447, 0.9563171863555908, 0.18707557022571564, -0.9398512244224548, -0.28580138087272644], "cam_t_m2c": [180.60574340820312, -89.26941680908203, 689.8180541992188], "obj_id": 6}, {"cam_R_m2c": [0.9823191165924072, 0.1768447905778885, 0.061441678553819656, -0.0072035593912005424, -0.2922423779964447, 0.9563171863555908, 0.18707557022571564, -0.9398512244224548, -0.28580138087272644], "cam_t_m2c": [-39.168087005615234, 143.01080322265625, 576.2383422851562], "obj_id": 3}],
  "20": [{"cam_R_m2c": [0.9188154935836792, -0.20128989219665527, -0.3395003080368042, 0.14917688071727753, -0.6192572712898254, 0.7708867192268372, -0.36540982127189636, -0.7589482069015503, -0.5389553308486938], "cam_t_m2c": [-122.18079376220703, 56.225486755371094, 584.9396362304688], "obj_id": 2}, {"cam_R_m2c": [0.9188154935836792, -0.20128989219665527, -0.3395003080368042, 0.14917688071727753, -0.6192572712898254, 0.7708867192268372, -0.36540982127189636, -0.7589482069015503, -0.5389553308486938], "cam_t_m2c": [31.205059051513672, 6.14352560043335, 585.122314453125], "obj_id": 4}, {"cam_R_m2c": [0.9188154935836792, 0.2012898325920105, 0.3395003378391266, 0.14917685091495514, 0.6192576885223389, -0.7708866596221924, -0.36540982127189636, 0.7589482069015503, 0.5389557480812073], "cam_t_m2c": [-172.50938415527344, -31.02731704711914, 629.9527587890625], "obj_id": 1}, {"cam_R_m2c": [0.9188154935836792, -0.20128989219665527, -0.3395003080368042, 0.14917688071727753, -0.6192572712898254, 0.7708867192268372, -0.36540982127189636, -0.7589482069015503, -0.5389553308486938], "cam_t_m2c": [-106.3919448852539, 88.30294799804688, 554.5787963867188], "obj_id": 5}, {"cam_R_m2c": [0.9188154935836792, -0.20128989219665527, -0.3395003080368042, 0.14917688071727753, -0.6192572712898254, 0.7708867192268372, -0.36540982127189636, -0.7589482069015503, -0.5389553308486938], "cam_t_m2c": [220.04180908203125, -30.138317108154297, 564.6425170898438], "obj_id": 6}, {"cam_R_m2c": [0.9188154935836792, -0.20128989219665527, -0.3395003080368042, 0.14917688071727753, -0.6192572712898254, 0.7708867192268372, -0.36540982127189636, -0.7589482069015503, -0.5389553308486938], "cam_t_m2c": [-81.23049926757812, 120.09109497070312, 521.9681396484375], "obj_id": 3}],
  "21": [{"cam_R_m2c": [0.9124912023544312, -0.06731605529785156, 0.40351998805999756, -0.3966895043849945, -0.38667136430740356, 0.832539975643158, 0.09998629987239838, -0.9197575449943542, -0.37953779101371765], "cam_t_m2c": [-72.89154815673828, 115.51056671142578, 418.4548645019531], "obj_id": 2}, {"cam_R_m2c": [0.9124912023544312, -0.06731605529785156, 0.40351998805999756, -0.3966895043849945, -0.38667136430740356, 0.832539975643158, 0.09998629987239838, -0.9197575449943542, -0.37953779101371765], "cam_t_m2c": [12.198905944824219, -12.984428405761719, 466.2471923828125], "obj_id": 4}, {"cam_R_m2c": [0.9124912023544312, 0.06731607764959335, -0.40351998805999756, -0.3966895341873169, 0.3866712749004364, -0.832539975643158, 0.09998628497123718, 0.9197575449943542, 0.3795377016067505], "cam_t_m2c": [-174.0292510986328, 71.97207641601562, 411.5435791015625], "obj_id": 1}, {"cam_R_m2c": [0.9124912023544312, -0.06731605529785156, 0.40351998805999756, -0.3966895043849945, -0.38667136430740356, 0.832539975643158, 0.09998629987239838, -0.9197575449943542, -0.37953779101371765], "cam_t_m2c": [-30.746055603027344, 133.2040252685547, 407.93182373046875], "obj_id": 5}, {"cam_R_m2c": [0.9124912023544312, -0.06731605529785156, 0.40351998805999756, -0.3966895043849945, -0.38667136430740356, 0.832539975643158, 0.09998629987239838, -0.9197575449943542, -0.37953779101371765], "cam_t_m2c": [139.70968627929688, -150.10446166992188, 514.5608520507812], "obj_id": 6}, {"cam_R_m2c": [0.9124912023544312, -0.06731605529785156, 0.40351998805999756, -0.3966895043849945, -0.38667136430740356, 0.832539975643158, 0.09998629987239838, -0.9197575449943542, -0.37953779101371765], "cam_t_m2c": [19.08357048034668, 145.34698486328125, 399.17987060546875], "obj_id": 3}],
