{
  "0": {"cam_K": [901.405775282118, 0.0, 642.5967408418655, 0.0, 901.2778134229172, 371.6907342476262, 0.0, 0.0, 1.0], "cam_R_w2c": [0.45640432834625244, -0.7885844707489014, -0.4121037721633911, -0.8259905576705933, -0.20330721139907837, -0.5257429480552673, 0.3308090567588806, 0.5803451538085938, -0.744153618812561], "cam_t_w2c": [90.65316772460938, 62.286556243896484, 596.5922241210938], "depth_scale": 0.1},
  "1": {"cam_K": [901.405775282118, 0.0, 642.5967408418655, 0.0, 901.2778134229172, 371.6907342476262, 0.0, 0.0, 1.0], "cam_R_w2c": [0.8242517113685608, -0.5605902075767517, -0.07967264205217361, -0.5662220120429993, -0.8157212734222412, -0.11828604340553284, 0.0013193312333896756, 0.1426098793745041, -0.9897781610488892], "cam_t_w2c": [44.09964370727539, 113.50450897216797, 506.9920349121094], "depth_scale": 0.1},
  "2": {"cam_K": [901.405775282118, 0.0, 642.5967408418655, 0.0, 901.2778134229172, 371.6907342476262, 0.0, 0.0, 1.0], "cam_R_w2c": [-0.9487357139587402, -0.31281158328056335, -0.045270055532455444, -0.30071452260017395, 0.9374371767044067, -0.17544901371002197, 0.0973203182220459, -0.15284138917922974, -0.9834470748901367], "cam_t_w2c": [63.93724060058594, -94.5521469116211, 944.9802856445312], "depth_scale": 0.1},
  "3": {"cam_K": [901.405775282118, 0.0, 642.5967408418655, 0.0, 901.2778134229172, 371.6907342476262, 0.0, 0.0, 1.0], "cam_R_w2c": [0.2860497236251831, 0.8745930194854736, -0.391487717628479, 0.7586621046066284, -0.45628321170806885, -0.465013325214386, -0.5853266716003418, -0.16398999094963074, -0.7940402626991272], "cam_t_w2c": [-97.18921661376953, 45.44990158081055, 782.9048461914062], "depth_scale": 0.1},
  "4": {"cam_K": [901.405775282118, 0.0, 642.5967408418655, 0.0, 901.2778134229172, 371.6907342476262, 0.0, 0.0, 1.0], "cam_R_w2c": [0.9562618136405945, -0.29249855875968933, -0.0028250664472579956, -0.2896493077278137, -0.9455105066299438, -0.14870518445968628, 0.040824923664331436, 0.14301936328411102, -0.988877534866333], "cam_t_w2c": [7.165586471557617, 121.68096923828125, 927.2434692382812], "depth_scale": 0.1},
  "5": {"cam_K": [901.405775282118, 0.0, 642.5967408418655, 0.0, 901.2778134229172, 371.6907342476262, 0.0, 0.0, 1.0], "cam_R_w2c": [0.9462149143218994, -0.03394440934062004, 0.3217531740665436, 0.08372446894645691, -0.9349164366722107, -0.3448498547077179, 0.31251806020736694, 0.3532406985759735, -0.8817899227142334], "cam_t_w2c": [-32.13591384887695, 115.9249267578125, 666.1619262695312], "depth_scale": 0.1},
  "6": {"cam_K": [901.405775282118, 0.0, 642.5967408418655, 0.0, 901.2778134229172, 371.6907342476262, 0.0, 0.0, 1.0], "cam_R_w2c": [0.8946376442909241, -0.4219343960285187, -0.1469518095254898, -0.42050498723983765, -0.6840017437934875, -0.5960849523544312, 0.1509934663772583, 0.5950739979743958, -0.7893592715263367], "cam_t_w2c": [28.14926528930664, 108.56845092773438, 553.470703125], "depth_scale": 0.1},
  "7": {"cam_K": [901.405775282118, 0.0, 642.5967408418655, 0.0, 901.2778134229172, 371.6907342476262, 0.0, 0.0, 1.0], "cam_R_w2c": [0.4761207401752472, 0.8687601685523987, -0.136252760887146, 0.8217099905014038, -0.4947100281715393, -0.28293922543525696, -0.31321194767951965, 0.02275296300649643, -0.949410617351532], "cam_t_w2c": [-109.47632598876953, 42.6640510559082, 417.91595458984375], "depth_scale": 0.1},
  "8": {"cam_K": [901.405775282118, 0.0, 642.5967408418655, 0.0, 901.2778134229172, 371.6907342476262, 0.0, 0.0, 1.0], "cam_R_w2c": [0.9732113480567932, 0.2278595119714737, -0.03065439499914646, 0.17958888411521912, -0.8366561532020569, -0.5174497961997986, -0.14355304837226868, 0.49808284640312195, -0.8551642894744873], "cam_t_w2c": [-52.53639221191406, 107.08602905273438, 487.22662353515625], "depth_scale": 0.1},
  "9": {"cam_K": [901.405775282118, 0.0, 642.5967408418655, 0.0, 901.2778134229172, 371.6907342476262, 0.0, 0.0, 1.0], "cam_R_w2c": [0.9997133612632751, 0.008200611919164658, 0.022492052987217903, 0.013456042855978012, -0.969532310962677, -0.24459439516067505, 0.0198009442538023, 0.24482694268226624, -0.9693647623062134], "cam_t_w2c": [-29.515493392944336, 118.87361145019531, 693.3466796875], "depth_scale": 0.1},
  "10": {"cam_K": [901.405775282118, 0.0, 642.5967408418655, 0.0, 901.2778134229172, 371.6907342476262, 0.0, 0.0, 1.0], "cam_R_w2c": [0.761536180973053, -0.634919285774231, -0.13015419244766235, -0.6480778455734253, -0.7483268976211548, -0.14142923057079315, -0.007601717486977577, 0.19205352663993835, -0.9813551306724548], "cam_t_w2c": [55.94364547729492, 108.70350646972656, 684.338134765625], "depth_scale": 0.1},
  "11": {"cam_K": [901.405775282118, 0.0, 642.5967408418655, 0.0, 901.2778134229172, 371.6907342476262, 0.0, 0.0, 1.0], "cam_R_w2c": [0.8139489889144897, -0.49377062916755676, 0.3060680031776428, -0.13815493881702423, -0.6762629151344299, -0.7235896587371826, 0.5642696619033813, 0.5466802716255188, -0.6186603903770447], "cam_t_w2c": [25.10200309753418, 103.62213134765625, 395.3535461425781], "depth_scale": 0.1},
  "12": {"cam_K": [901.405775282118, 0.0, 642.5967408418655, 0.0, 901.2778134229172, 371.6907342476262, 0.0, 0.0, 1.0], "cam_R_w2c": [0.8518623113632202, -0.4472067654132843, -0.2726476490497589, -0.5117577910423279, -0.5998435616493225, -0.615054190158844, 0.11151043325662613, 0.6634710431098938, -0.7398456335067749], "cam_t_w2c": [36.03079605102539, 101.96939849853516, 535.468505859375], "depth_scale": 0.1},
  "13": {"cam_K": [901.405775282118, 0.0, 642.5967408418655, 0.0, 901.2778134229172, 371.6907342476262, 0.0, 0.0, 1.0], "cam_R_w2c": [0.917145848274231, 0.3877483308315277, 0.09216685593128204, 0.34609243273735046, -0.660157322883606, -0.6666426062583923, -0.1976449191570282, 0.6433067321777344, -0.7396573424339294], "cam_t_w2c": [-73.1123046875, 86.54322814941406, 741.708251953125], "depth_scale": 0.1},
  "14": {"cam_K": [901.405775282118, 0.0, 642.5967408418655, 0.0, 901.2778134229172, 371.6907342476262, 0.0, 0.0, 1.0], "cam_R_w2c": [0.6887744069099426, -0.7162705659866333, -0.11201027035713196, -0.723059356212616, -0.6674786806106567, -0.17792578041553497, 0.052678536623716354, 0.20354080200195312, -0.9776483774185181], "cam_t_w2c": [66.81966400146484, 102.55830383300781, 571.0936279296875], "depth_scale": 0.1},
  "15": {"cam_K": [901.405775282118, 0.0, 642.5967408418655, 0.0, 901.2778134229172, 371.6907342476262, 0.0, 0.0, 1.0], "cam_R_w2c": [0.21970278024673462, 0.9319834113121033, 0.2883360683917999, 0.7556706666946411, 0.024348754435777664, -0.6544991135597229, -0.6170029044151306, 0.3616824150085449, -0.6989230513572693], "cam_t_w2c": [-122.35716247558594, -4.260336875915527, 757.5556030273438], "depth_scale": 0.1},
  "16": {"cam_K": [901.405775282118, 0.0, 642.5967408418655, 0.0, 901.2778134229172, 371.6907342476262, 0.0, 0.0, 1.0], "cam_R_w2c": [0.5823363661766052, 0.7714471220970154, 0.2564249038696289, 0.7955823540687561, -0.47595614194869995, -0.37485271692276, -0.16713204979896545, 0.42229750752449036, -0.8909162282943726], "cam_t_w2c": [-112.98773956298828, 43.98579025268555, 857.6287841796875], "depth_scale": 0.1},
  "17": {"cam_K": [901.405775282118, 0.0, 642.5967408418655, 0.0, 901.2778134229172, 371.6907342476262, 0.0, 0.0, 1.0], "cam_R_w2c": [0.8153095841407776, 0.5646441578865051, -0.12824690341949463, 0.4462779760360718, -0.7539052963256836, -0.4821440577507019, -0.3689258396625519, 0.3358629047870636, -0.8666544556617737], "cam_t_w2c": [-84.07720184326172, 89.03385925292969, 790.2244262695312], "depth_scale": 0.1},
  "18": {"cam_K": [901.405775282118, 0.0, 642.5967408418655, 0.0, 901.2778134229172, 371.6907342476262, 0.0, 0.0, 1.0], "cam_R_w2c": [0.899911642074585, 0.4013155400753021, 0.17060144245624542, 0.43515709042549133, -0.8011142611503601, -0.4109187126159668, -0.028236808255314827, 0.44402897357940674, -0.8955673575401306], "cam_t_w2c": [-76.55048370361328, 92.65669250488281, 430.12103271484375], "depth_scale": 0.1},
  "19": {"cam_K": [901.405775282118, 0.0, 642.5967408418655, 0.0, 901.2778134229172, 371.6907342476262, 0.0, 0.0, 1.0], "cam_R_w2c": [0.9823191165924072, -0.06144170090556145, 0.17684480547904968, -0.007203574292361736, -0.9563172459602356, -0.2922423779964447, 0.18707558512687683, 0.28580138087272644, -0.9398513436317444], "cam_t_w2c": [-25.62204933166504, 119.35396575927734, 586.1431884765625], "depth_scale": 0.1},
  "20": {"cam_K": [901.405775282118, 0.0, 642.5967408418655, 0.0, 901.2778134229172, 371.6907342476262, 0.0, 0.0, 1.0], "cam_R_w2c": [0.9188154935836792, 0.33950039744377136, -0.20128986239433289, 0.14917691051959991, -0.7708867192268372, -0.6192576289176941, -0.36540988087654114, 0.5389556884765625, -0.7589482665061951], "cam_t_w2c": [-58.78598403930664, 103.39720916748047, 529.6365356445312], "depth_scale": 0.1},
  "21": {"cam_K": [901.405775282118, 0.0, 642.5967408418655, 0.0, 901.2778134229172, 371.6907342476262, 0.0, 0.0, 1.0], "cam_R_w2c": [0.9124912023544312, -0.40351995825767517, -0.06731610745191574, -0.3966895043849945, -0.8325399160385132, -0.38667136430740356, 0.09998627007007599, 0.37953782081604004, -0.9197574853897095], "cam_t_w2c": [23.136510848999023, 118.7669906616211, 410.0576477050781], "depth_scale": 0.1},
  "22": {"cam_K": [901.405775282118, 0.0, 642.5967408418655, 0.0, 901.2778134229172, 371.6907342476262, 0.0, 0.0, 1.0], "cam_R_w2c": [0.8414011597633362, -0.5084437131881714, -0.18310955166816711, -0.5380633473396301, -0.8197392821311951, -0.19625318050384521, -0.050318390130996704, 0.2636522054672241, -0.9633045196533203], "cam_t_w2c": [40.70500946044922, 115.521484375, 314.3355407714844], "depth_scale": 0.1},
  "23": {"cam_K": [901.405775282118, 0.0, 642.5967408418655, 0.0, 901.2778134229172, 371.6907342476262, 0.0, 0.0, 1.0], "cam_R_w2c": [-0.318029522895813, -0.9471432566642761, -0.04215386137366295, -0.9347360134124756, 0.3206767141819, -0.1530851274728775, 0.15851129591464996, -0.009282856248319149, -0.9873135089874268], "cam_t_w2c": [119.46522521972656, -6.341408729553223, 565.0556640625], "depth_scale": 0.1},
  "24": {"cam_K": [901.405775282118, 0.0, 642.5967408418655, 0.0, 901.2778134229172, 371.6907342476262, 0.0, 0.0, 1.0], "cam_R_w2c": [-0.09169096499681473, 0.9741275906562805, 0.2065628319978714, 0.919853687286377, 0.16230663657188416, -0.3571075201034546, -0.3813948333263397, 0.15726405382156372, -0.9109369516372681], "cam_t_w2c": [-116.08006286621094, -33.68732833862305, 904.637451171875], "depth_scale": 0.1},
  "25": {"cam_K": [901.405775282118, 0.0, 642.5967408418655, 0.0, 901.2778134229172, 371.6907342476262, 0.0, 0.0, 1.0], "cam_R_w2c": [0.8885291218757629, 0.08903786540031433, 0.4500980079174042, 0.37078893184661865, -0.7171436548233032, -0.5901021957397461, 0.27024346590042114, 0.691214382648468, -0.6702172756195068], "cam_t_w2c": [-48.57228088378906, 90.13568878173828, 668.9432983398438], "depth_scale": 0.1},
  "26": {"cam_K": [901.405775282118, 0.0, 642.5967408418655, 0.0, 901.2778134229172, 371.6907342476262, 0.0, 0.0, 1.0], "cam_R_w2c": [0.05408398434519768, 0.9983060359954834, 0.0214442927390337, 0.8677954077720642, -0.036367811262607574, -0.495589017868042, -0.4939696490764618, 0.04541267082095146, -0.8682923316955566], "cam_t_w2c": [-117.38477325439453, -5.147809028625488, 579.7103271484375], "depth_scale": 0.1},
  "27": {"cam_K": [901.405775282118, 0.0, 642.5967408418655, 0.0, 901.2778134229172, 371.6907342476262, 0.0, 0.0, 1.0], "cam_R_w2c": [-0.5785690546035767, -0.8030694723129272, 0.14260832965373993, -0.8114398717880249, 0.5490212440490723, -0.20035220682621002, 0.08260174840688705, -0.2316356897354126, -0.969289243221283], "cam_t_w2c": [104.56167602539062, -34.72090530395508, 663.66064453125], "depth_scale": 0.1},
  "28": {"cam_K": [901.405775282118, 0.0, 642.5967408418655, 0.0, 901.2778134229172, 371.6907342476262, 0.0, 0.0, 1.0], "cam_R_w2c": [0.9077718257904053, 0.38425830006599426, -0.16821394860744476, 0.33999621868133545, -0.9089037179946899, -0.24144725501537323, -0.24566836655139923, 0.16198690235614777, -0.9557235240936279], "cam_t_w2c": [-64.63654327392578, 102.66963958740234, 492.7099914550781], "depth_scale": 0.1},
  "29": {"cam_K": [901.405775282118, 0.0, 642.5967408418655, 0.0, 901.2778134229172, 371.6907342476262, 0.0, 0.0, 1.0], "cam_R_w2c": [-0.5224140882492065, -0.8411367535591125, 0.1399024873971939, -0.8506396412849426, 0.5027170777320862, -0.1539085954427719, 0.05912679061293602, -0.1994105875492096, -0.9781306982040405], "cam_t_w2c": [107.47003173828125, -29.675704956054688, 592.0730590820312], "depth_scale": 0.1},
  "30": {"cam_K": [901.405775282118, 0.0, 642.5967408418655, 0.0, 901.2778134229172, 371.6907342476262, 0.0, 0.0, 1.0], "cam_R_w2c": [-0.26296693086624146, 0.9615715742111206, -0.07892199605703354, 0.9452788233757019, 0.24040737748146057, -0.22057278454303741, -0.19312307238578796, -0.1326066255569458, -0.9721724390983582], "cam_t_w2c": [-96.88440704345703, 249.28016662597656, 713.5244750976562], "depth_scale": 0.1},
  "31": {"cam_K": [901.405775282118, 0.0, 642.5967408418655, 0.0, 901.2778134229172, 371.6907342476262, 0.0, 0.0, 1.0], "cam_R_w2c": [-0.8869984745979309, 0.46149742603302, 0.01593114249408245, 0.3439915180206299, 0.6833812594413757, -0.6439409255981445, -0.3080641031265259, -0.5656944513320923, -0.7649093270301819], "cam_t_w2c": [-249.38824462890625, 89.23078918457031, 550.5111694335938], "depth_scale": 0.1},
  "32": {"cam_K": [901.405775282118, 0.0, 642.5967408418655, 0.0, 901.2778134229172, 371.6907342476262, 0.0, 0.0, 1.0], "cam_R_w2c": [-0.5181525349617004, 0.8443359136581421, -0.13643653690814972, 0.8120070099830627, 0.4355294406414032, -0.38853418827056885, -0.2686312198638916, -0.3121073842048645, -0.9112773537635803], "cam_t_w2c": [-159.0522918701172, 213.03762817382812, 369.6360168457031], "depth_scale": 0.1},
  "33": {"cam_K": [901.405775282118, 0.0, 642.5967408418655, 0.0, 901.2778134229172, 371.6907342476262, 0.0, 0.0, 1.0], "cam_R_w2c": [0.3712235689163208, 0.8756942749023438, -0.3087921738624573, 0.6456899046897888, -0.4824373424053192, -0.5918942093849182, -0.6672912240028381, 0.020341090857982635, -0.7445191144943237], "cam_t_w2c": [80.44441986083984, 203.47271728515625, 741.77392578125], "depth_scale": 0.1},
  "34": {"cam_K": [901.405775282118, 0.0, 642.5967408418655, 0.0, 901.2778134229172, 371.6907342476262, 0.0, 0.0, 1.0], "cam_R_w2c": [-0.6981664896011353, 0.7137924432754517, 0.05535465478897095, 0.5920719504356384, 0.6191179752349854, -0.5158912539482117, -0.40251031517982483, -0.3274039924144745, -0.8548638820648193], "cam_t_w2c": [-208.40106201171875, 153.00527954101562, 514.5505981445312], "depth_scale": 0.1},
  "35": {"cam_K": [901.405775282118, 0.0, 642.5967408418655, 0.0, 901.2778134229172, 371.6907342476262, 0.0, 0.0, 1.0], "cam_R_w2c": [-0.7817563414573669, 0.622839629650116, -0.030462315306067467, 0.5989328026771545, 0.7363563179969788, -0.31473633646965027, -0.17359913885593414, -0.26429200172424316, -0.9486902356147766], "cam_t_w2c": [-225.1337432861328, 145.16688537597656, 776.6989135742188], "depth_scale": 0.1},
  "36": {"cam_K": [901.405775282118, 0.0, 642.5967408418655, 0.0, 901.2778134229172, 371.6907342476262, 0.0, 0.0, 1.0], "cam_R_w2c": [0.8736070394515991, 0.46336308121681213, -0.1486787348985672, 0.2609695792198181, -0.7039706110954285, -0.6605455875396729, -0.4107378423213959, 0.5382566452026367, -0.7359173893928528], "cam_t_w2c": [221.27976989746094, 110.58859252929688, 634.80224609375], "depth_scale": 0.1},
  "37": {"cam_K": [901.405775282118, 0.0, 642.5967408418655, 0.0, 901.2778134229172, 371.6907342476262, 0.0, 0.0, 1.0], "cam_R_w2c": [0.610322892665863, 0.6887381076812744, -0.3913385272026062, 0.3449612557888031, -0.6757988929748535, -0.6513814330101013, -0.713097333908081, 0.26255640387535095, -0.6500434875488281], "cam_t_w2c": [151.94821166992188, 131.66510009765625, 874.3758544921875], "depth_scale": 0.1},
  "38": {"cam_K": [901.405775282118, 0.0, 642.5967408418655, 0.0, 901.2778134229172, 371.6907342476262, 0.0, 0.0, 1.0], "cam_R_w2c": [-0.1620987057685852, 0.959956705570221, 0.22848902642726898, 0.8338807225227356, 0.2570647895336151, -0.48842674493789673, -0.5276049971580505, 0.11135926842689514, -0.8421592712402344], "cam_t_w2c": [-79.37103271484375, 227.3301239013672, 472.44891357421875], "depth_scale": 0.1},
  "39": {"cam_K": [901.405775282118, 0.0, 642.5967408418655, 0.0, 901.2778134229172, 371.6907342476262, 0.0, 0.0, 1.0], "cam_R_w2c": [0.9087302684783936, -0.2255941480398178, -0.35116466879844666, -0.40343496203422546, -0.6904421448707581, -0.600441575050354, -0.10700274258852005, 0.6873115301132202, -0.7184382081031799], "cam_t_w2c": [257.91290283203125, -67.40764617919922, 778.4185791015625], "depth_scale": 0.1},
  "40": {"cam_K": [901.405775282118, 0.0, 642.5967408418655, 0.0, 901.2778134229172, 371.6907342476262, 0.0, 0.0, 1.0], "cam_R_w2c": [-0.03894099220633507, 0.9862379431724548, -0.16068053245544434, 0.6372345685958862, -0.09935097396373749, -0.7642390727996826, -0.7696853876113892, -0.13215146958827972, -0.6245960593223572], "cam_t_w2c": [-35.924278259277344, 194.58116149902344, 899.7987060546875], "depth_scale": 0.1},
  "41": {"cam_K": [901.405775282118, 0.0, 642.5967408418655, 0.0, 901.2778134229172, 371.6907342476262, 0.0, 0.0, 1.0], "cam_R_w2c": [0.07221166789531708, 0.9910065531730652, 0.112655870616436, 0.9512845873832703, -0.03448854386806488, -0.30637890100479126, -0.29973816871643066, 0.12929192185401917, -0.9452198147773743], "cam_t_w2c": [-14.86514663696289, 261.92864990234375, 594.0035400390625], "depth_scale": 0.1},
  "42": {"cam_K": [901.405775282118, 0.0, 642.5967408418655, 0.0, 901.2778134229172, 371.6907342476262, 0.0, 0.0, 1.0], "cam_R_w2c": [0.21265506744384766, 0.9756652116775513, -0.05343545973300934, 0.9049867391586304, -0.2172827571630478, -0.3657695949077606, -0.3684792220592499, 0.0294243972748518, -0.9291703701019287], "cam_t_w2c": [27.747129440307617, 257.1041564941406, 789.8410034179688], "depth_scale": 0.1},
  "43": {"cam_K": [901.405775282118, 0.0, 642.5967408418655, 0.0, 901.2778134229172, 371.6907342476262, 0.0, 0.0, 1.0], "cam_R_w2c": [0.7507265210151672, 0.58997642993927, -0.2972162365913391, 0.14851628243923187, -0.5891214609146118, -0.7942789793014526, -0.6437022686004639, 0.5521448850631714, -0.529890239238739], "cam_t_w2c": [189.3183135986328, 81.30471801757812, 503.1954650878906], "depth_scale": 0.1},
  "44": {"cam_K": [901.405775282118, 0.0, 642.5967408418655, 0.0, 901.2778134229172, 371.6907342476262, 0.0, 0.0, 1.0], "cam_R_w2c": [-0.06223253160715103, 0.9978967905044556, 0.018146133050322533, 0.9740623235702515, 0.06468901038169861, -0.21683639287948608, -0.21755416691303253, 0.004181204829365015, -0.976039469242096], "cam_t_w2c": [-47.81135559082031, 262.2071228027344, 837.0153198242188], "depth_scale": 0.1},
  "45": {"cam_K": [901.405775282118, 0.0, 642.5967408418655, 0.0, 901.2778134229172, 371.6907342476262, 0.0, 0.0, 1.0], "cam_R_w2c": [0.13549168407917023, 0.9810903668403625, -0.13821636140346527, 0.82252037525177, -0.18915517628192902, -0.5363587141036987, -0.5523606538772583, -0.041013602167367935, -0.8325958251953125], "cam_t_w2c": [9.708477973937988, 239.53623962402344, 470.9204406738281], "depth_scale": 0.1},
  "46": {"cam_K": [901.405775282118, 0.0, 642.5967408418655, 0.0, 901.2778134229172, 371.6907342476262, 0.0, 0.0, 1.0], "cam_R_w2c": [0.49465039372444153, 0.8291485905647278, -0.2604488432407379, 0.3997381925582886, -0.48315632343292236, -0.7789540886878967, -0.7717061638832092, 0.281198650598526, -0.5704358816146851], "cam_t_w2c": [113.0849380493164, 144.03746032714844, 290.3974914550781], "depth_scale": 0.1},
  "47": {"cam_K": [901.405775282118, 0.0, 642.5967408418655, 0.0, 901.2778134229172, 371.6907342476262, 0.0, 0.0, 1.0], "cam_R_w2c": [0.9003849625587463, -0.43288061022758484, 0.043832845985889435, -0.34192201495170593, -0.7662749886512756, -0.5439780950546265, 0.2690655589103699, 0.47480228543281555, -0.8379538655281067], "cam_t_w2c": [250.25352478027344, -50.48678970336914, 670.0880737304688], "depth_scale": 0.1},
  "48": {"cam_K": [901.405775282118, 0.0, 642.5967408418655, 0.0, 901.2778134229172, 371.6907342476262, 0.0, 0.0, 1.0], "cam_R_w2c": [0.947455108165741, 0.24548044800758362, -0.20510514080524445, 0.18341362476348877, -0.9421935677528381, -0.28041186928749084, -0.26208436489105225, 0.2280585765838623, -0.9377105832099915], "cam_t_w2c": [249.23553466796875, 86.01961517333984, 932.292236328125], "depth_scale": 0.1},
  "49": {"cam_K": [901.405775282118, 0.0, 642.5967408418655, 0.0, 901.2778134229172, 371.6907342476262, 0.0, 0.0, 1.0], "cam_R_w2c": [0.485287070274353, 0.830478310585022, -0.2734999358654022, 0.6634452939033508, -0.5534907579421997, -0.5034761428833008, -0.5695057511329651, 0.06287819147109985, -0.8195788264274597], "cam_t_w2c": [110.95819854736328, 207.71087646484375, 340.4981994628906], "depth_scale": 0.1},
  "50": {"cam_K": [901.405775282118, 0.0, 642.5967408418655, 0.0, 901.2778134229172, 371.6907342476262, 0.0, 0.0, 1.0], "cam_R_w2c": [0.7535876631736755, 0.6182641983032227, -0.2232823371887207, 0.395285427570343, -0.6976118683815002, -0.5975675582885742, -0.5252190828323364, 0.36205923557281494, -0.7701025009155273], "cam_t_w2c": [186.9840545654297, 144.0377197265625, 560.700439453125], "depth_scale": 0.1},
  "51": {"cam_K": [901.405775282118, 0.0, 642.5967408418655, 0.0, 901.2778134229172, 371.6907342476262, 0.0, 0.0, 1.0], "cam_R_w2c": [0.6918766498565674, 0.7180872559547424, -0.07521571218967438, 0.6601171493530273, -0.6713219285011292, -0.33700478076934814, -0.2924927771091461, 0.1835145652294159, -0.9384936690330505], "cam_t_w2c": [163.13442993164062, 205.47335815429688, 527.6849975585938], "depth_scale": 0.1},
  "52": {"cam_K": [901.405775282118, 0.0, 642.5967408418655, 0.0, 901.2778134229172, 371.6907342476262, 0.0, 0.0, 1.0], "cam_R_w2c": [-0.18180745840072632, 0.9360532164573669, 0.3012484312057495, 0.7397006750106812, 0.3320407271385193, -0.5853135585784912, -0.6479113101959229, 0.11641932278871536, -0.7527666687965393], "cam_t_w2c": [-86.03023529052734, 203.0060272216797, 744.6478881835938], "depth_scale": 0.1},
  "53": {"cam_K": [901.405775282118, 0.0, 642.5967408418655, 0.0, 901.2778134229172, 371.6907342476262, 0.0, 0.0, 1.0], "cam_R_w2c": [0.9465731382369995, 0.29050126671791077, -0.14002983272075653, 0.08738730102777481, -0.6490270495414734, -0.7557297348976135, -0.3104235827922821, 0.7031165957450867, -0.6397377252578735], "cam_t_w2c": [245.6601104736328, 65.82498931884766, 752.4480590820312], "depth_scale": 0.1},
  "54": {"cam_K": [901.405775282118, 0.0, 642.5967408418655, 0.0, 901.2778134229172, 371.6907342476262, 0.0, 0.0, 1.0], "cam_R_w2c": [0.5243738293647766, 0.8503603935241699, -0.04380977898836136, 0.6097392439842224, -0.41091302037239075, -0.6777673363685608, -0.5943484902381897, 0.32869091629981995, -0.7339701056480408], "cam_t_w2c": [113.7947006225586, 194.33021545410156, 665.7410278320312], "depth_scale": 0.1},
  "55": {"cam_K": [901.405775282118, 0.0, 642.5967408418655, 0.0, 901.2778134229172, 371.6907342476262, 0.0, 0.0, 1.0], "cam_R_w2c": [0.9856432676315308, -0.12814916670322418, -0.1099325492978096, -0.1664920300245285, -0.8459221124649048, -0.5066520571708679, -0.028067339211702347, 0.5176810622215271, -0.8551132678985596], "cam_t_w2c": [268.0162353515625, -2.7362165451049805, 585.8690185546875], "depth_scale": 0.1},
  "56": {"cam_K": [901.405775282118, 0.0, 642.5967408418655, 0.0, 901.2778134229172, 371.6907342476262, 0.0, 0.0, 1.0], "cam_R_w2c": [-0.8517995476722717, 0.5101808309555054, -0.11896683275699615, 0.5237842798233032, 0.8253543376922607, -0.21080869436264038, -0.009360762313008308, -0.2418796867132187, -0.9702611565589905], "cam_t_w2c": [-237.53179931640625, 119.42053985595703, 723.3713989257812], "depth_scale": 0.1},
  "57": {"cam_K": [901.405775282118, 0.0, 642.5967408418655, 0.0, 901.2778134229172, 371.6907342476262, 0.0, 0.0, 1.0], "cam_R_w2c": [0.23917599022388458, 0.9089163541793823, -0.3415639400482178, 0.6425126194953918, -0.41189485788345337, -0.6461580991744995, -0.727992057800293, -0.06491362303495407, -0.6825056672096252], "cam_t_w2c": [45.46768569946289, 202.0825958251953, 773.6609497070312], "depth_scale": 0.1},
  "58": {"cam_K": [901.405775282118, 0.0, 642.5967408418655, 0.0, 901.2778134229172, 371.6907342476262, 0.0, 0.0, 1.0], "cam_R_w2c": [0.3172261416912079, 0.9355794787406921, -0.1551082581281662, 0.7366462349891663, -0.3460981845855713, -0.5810064077377319, -0.5972603559494019, 0.07005051523447037, -0.7989825010299683], "cam_t_w2c": [59.70000076293945, 223.00115966796875, 289.2420654296875], "depth_scale": 0.1},
  "59": {"cam_K": [901.405775282118, 0.0, 642.5967408418655, 0.0, 901.2778134229172, 371.6907342476262, 0.0, 0.0, 1.0], "cam_R_w2c": [0.7468402981758118, 0.6297569274902344, -0.21362529695034027, 0.570837676525116, -0.7718982100486755, -0.2798526883125305, -0.3411361277103424, 0.08705989271402359, -0.9359737038612366], "cam_t_w2c": [184.554443359375, 183.24356079101562, 841.361083984375], "depth_scale": 0.1},
  "60": {"cam_K": [901.405775282118, 0.0, 642.5967408418655, 0.0, 901.2778134229172, 371.6907342476262, 0.0, 0.0, 1.0], "cam_R_w2c": [-0.23819522559642792, -0.8238120675086975, 0.5143897533416748, -0.7793703675270081, -0.15389716625213623, -0.6073694229125977, 0.5795213580131531, -0.5455725789070129, -0.6053971648216248], "cam_t_w2c": [-84.68071746826172, 155.10906982421875, 849.977783203125], "depth_scale": 0.1},
  "61": {"cam_K": [901.405775282118, 0.0, 642.5967408418655, 0.0, 901.2778134229172, 371.6907342476262, 0.0, 0.0, 1.0], "cam_R_w2c": [0.24051490426063538, -0.9497143030166626, 0.20048794150352478, -0.8994402885437012, -0.29571735858917236, -0.32180529832839966, 0.3649108111858368, -0.10292791575193405, -0.925335705280304], "cam_t_w2c": [-190.8671875, 150.73997497558594, 604.0116577148438], "depth_scale": 0.1},
  "62": {"cam_K": [901.405775282118, 0.0, 642.5967408418655, 0.0, 901.2778134229172, 371.6907342476262, 0.0, 0.0, 1.0], "cam_R_w2c": [0.6021581292152405, -0.7983715534210205, -0.0029123437125235796, -0.7297948002815247, -0.5489489436149597, -0.4074982702732086, 0.3237362802028656, 0.2475038319826126, -0.9132014513015747], "cam_t_w2c": [-236.85293579101562, 82.50969696044922, 473.0819091796875], "depth_scale": 0.1},
  "63": {"cam_K": [901.405775282118, 0.0, 642.5967408418655, 0.0, 901.2778134229172, 371.6907342476262, 0.0, 0.0, 1.0], "cam_R_w2c": [0.291997492313385, -0.9404106736183167, -0.17425599694252014, -0.7550719976425171, -0.11483892053365707, -0.6455062031745911, 0.5870295763015747, 0.3200620114803314, -0.7436104416847229], "cam_t_w2c": [-188.79043579101562, 156.88462829589844, 761.5902709960938], "depth_scale": 0.1},
  "64": {"cam_K": [901.405775282118, 0.0, 642.5967408418655, 0.0, 901.2778134229172, 371.6907342476262, 0.0, 0.0, 1.0], "cam_R_w2c": [-0.7671608924865723, -0.6276369094848633, -0.1324247121810913, -0.45427292585372925, 0.6773471236228943, -0.5786510109901428, 0.45288023352622986, -0.3837614357471466, -0.8047527074813843], "cam_t_w2c": [70.62261962890625, 206.84182739257812, 439.1883544921875], "depth_scale": 0.1},
  "65": {"cam_K": [901.405775282118, 0.0, 642.5967408418655, 0.0, 901.2778134229172, 371.6907342476262, 0.0, 0.0, 1.0], "cam_R_w2c": [0.6885474324226379, -0.7134259343147278, -0.13009946048259735, -0.6857761740684509, -0.5822210907936096, -0.4367262125015259, 0.23582515120506287, 0.38992583751678467, -0.8901373147964478], "cam_t_w2c": [-238.50221252441406, 69.65396118164062, 712.1497802734375], "depth_scale": 0.1},
  "66": {"cam_K": [901.405775282118, 0.0, 642.5967408418655, 0.0, 901.2778134229172, 371.6907342476262, 0.0, 0.0, 1.0], "cam_R_w2c": [-0.4755646288394928, -0.6482464671134949, -0.5946552157402039, -0.20118744671344757, 0.7382225394248962, -0.643856406211853, 0.8563655018806458, -0.18655817210674286, -0.4814915955066681], "cam_t_w2c": [22.092050552368164, 165.90521240234375, 331.4006042480469], "depth_scale": 0.1},
  "67": {"cam_K": [901.405775282118, 0.0, 642.5967408418655, 0.0, 901.2778134229172, 371.6907342476262, 0.0, 0.0, 1.0], "cam_R_w2c": [-0.0720992386341095, -0.9692384004592896, -0.2353263795375824, -0.621338427066803, 0.22821228206157684, -0.7495716214179993, 0.7802180051803589, 0.092173732817173, -0.6186789274215698], "cam_t_w2c": [-116.84981536865234, 181.80050659179688, 856.996826171875], "depth_scale": 0.1},
  "68": {"cam_K": [901.405775282118, 0.0, 642.5967408418655, 0.0, 901.2778134229172, 371.6907342476262, 0.0, 0.0, 1.0], "cam_R_w2c": [0.1106266975402832, -0.9904202818870544, 0.08264027535915375, -0.9777039289474487, -0.12338408827781677, -0.1699160784482956, 0.17848482728004456, -0.06200045719742775, -0.9819873571395874], "cam_t_w2c": [-166.67169189453125, 186.78453063964844, 958.4735717773438], "depth_scale": 0.1},
  "69": {"cam_K": [901.405775282118, 0.0, 642.5967408418655, 0.0, 901.2778134229172, 371.6907342476262, 0.0, 0.0, 1.0], "cam_R_w2c": [0.3024245798587799, -0.9416849613189697, -0.14754299819469452, -0.9257845282554626, -0.2533543109893799, -0.28059718012809753, 0.22685347497463226, 0.2214525043964386, -0.9484179019927979], "cam_t_w2c": [-191.89988708496094, 160.93292236328125, 427.2167663574219], "depth_scale": 0.1},
  "70": {"cam_K": [901.405775282118, 0.0, 642.5967408418655, 0.0, 901.2778134229172, 371.6907342476262, 0.0, 0.0, 1.0], "cam_R_w2c": [0.37258490920066833, -0.9163643717765808, 0.14648127555847168, -0.6526568531990051, -0.37096500396728516, -0.6606239676475525, 0.6597117185592651, 0.15053650736808777, -0.7362874746322632], "cam_t_w2c": [-211.40383911132812, 99.82986450195312, 766.96923828125], "depth_scale": 0.1},
  "71": {"cam_K": [901.405775282118, 0.0, 642.5967408418655, 0.0, 901.2778134229172, 371.6907342476262, 0.0, 0.0, 1.0], "cam_R_w2c": [-0.9031248092651367, -0.4238632619380951, -0.06859798729419708, -0.24814967811107635, 0.6456160545349121, -0.7222199440002441, 0.35041046142578125, -0.6352320909500122, -0.6882534623146057], "cam_t_w2c": [125.56906127929688, 164.5870819091797, 318.6647644042969], "depth_scale": 0.1},
  "72": {"cam_K": [901.405775282118, 0.0, 642.5967408418655, 0.0, 901.2778134229172, 371.6907342476262, 0.0, 0.0, 1.0], "cam_R_w2c": [-0.36222198605537415, -0.8784285187721252, 0.3117027282714844, -0.8624923229217529, 0.18908092379570007, -0.46942031383514404, 0.3534151315689087, -0.43887555599212646, -0.8261271119117737], "cam_t_w2c": [-61.12469482421875, 216.96568298339844, 870.3875732421875], "depth_scale": 0.1},
  "73": {"cam_K": [901.405775282118, 0.0, 642.5967408418655, 0.0, 901.2778134229172, 371.6907342476262, 0.0, 0.0, 1.0], "cam_R_w2c": [-0.022485803812742233, -0.9994804263114929, 0.023094383999705315, -0.8138091564178467, 0.004881179891526699, -0.5811117887496948, 0.5806970596313477, -0.03186115622520447, -0.8134961128234863], "cam_t_w2c": [-139.04232788085938, 184.04893493652344, 650.5985717773438], "depth_scale": 0.1},
  "74": {"cam_K": [901.405775282118, 0.0, 642.5967408418655, 0.0, 901.2778134229172, 371.6907342476262, 0.0, 0.0, 1.0], "cam_R_w2c": [-0.6316205859184265, -0.7752719521522522, -0.0029828534461557865, -0.754644513130188, 0.6156878471374512, -0.22680425643920898, 0.17767147719860077, -0.14100323617458344, -0.9739358425140381], "cam_t_w2c": [17.992650985717773, 248.7076873779297, 839.0303955078125], "depth_scale": 0.1},
  "75": {"cam_K": [901.405775282118, 0.0, 642.5967408418655, 0.0, 901.2778134229172, 371.6907342476262, 0.0, 0.0, 1.0], "cam_R_w2c": [-0.7014227509498596, -0.7111721038818359, 0.04733305424451828, -0.5441909432411194, 0.491476833820343, -0.6799314618110657, 0.4602851867675781, -0.5026775598526001, -0.7317464351654053], "cam_t_w2c": [39.88113021850586, 201.63148498535156, 952.5811157226562], "depth_scale": 0.1},
  "76": {"cam_K": [901.405775282118, 0.0, 642.5967408418655, 0.0, 901.2778134229172, 371.6907342476262, 0.0, 0.0, 1.0], "cam_R_w2c": [-0.032734863460063934, -0.967700719833374, 0.24996808171272278, -0.9623523950576782, -0.0370030477643013, -0.26927486062049866, 0.2698269784450531, -0.2493719905614853, -0.9300577640533447], "cam_t_w2c": [-139.21432495117188, 198.9887237548828, 634.9170532226562], "depth_scale": 0.1},
  "77": {"cam_K": [901.405775282118, 0.0, 642.5967408418655, 0.0, 901.2778134229172, 371.6907342476262, 0.0, 0.0, 1.0], "cam_R_w2c": [-0.14747126400470734, -0.9283962249755859, 0.34107550978660583, -0.8410310745239258, -0.06376896053552628, -0.5372151136398315, 0.5204985737800598, -0.3660789430141449, -0.7714059352874756], "cam_t_w2c": [-112.93436431884766, 178.4644317626953, 256.0389404296875], "depth_scale": 0.1},
  "78": {"cam_K": [901.405775282118, 0.0, 642.5967408418655, 0.0, 901.2778134229172, 371.6907342476262, 0.0, 0.0, 1.0], "cam_R_w2c": [-0.11406967043876648, -0.9871475696563721, 0.11192773282527924, -0.667639434337616, -0.007260501384735107, -0.7444494366645813, 0.7356940507888794, -0.1596464365720749, -0.6582304835319519], "cam_t_w2c": [-121.27168273925781, 157.41200256347656, 313.115234375], "depth_scale": 0.1},
  "79": {"cam_K": [901.405775282118, 0.0, 642.5967408418655, 0.0, 901.2778134229172, 371.6907342476262, 0.0, 0.0, 1.0], "cam_R_w2c": [-0.3679148256778717, -0.7513291239738464, -0.5478533506393433, -0.4996245503425598, 0.6566336154937744, -0.5649845600128174, 0.7842283248901367, 0.06585480272769928, -0.6169677376747131], "cam_t_w2c": [-16.000883102416992, 212.71580505371094, 904.3751831054688], "depth_scale": 0.1},
  "80": {"cam_K": [901.405775282118, 0.0, 642.5967408418655, 0.0, 901.2778134229172, 371.6907342476262, 0.0, 0.0, 1.0], "cam_R_w2c": [-0.15873867273330688, -0.8978564739227295, 0.4106771945953369, -0.8569955229759216, -0.0812452957034111, -0.5088789463043213, 0.4902658760547638, -0.43272730708122253, -0.7565622329711914], "cam_t_w2c": [-108.35791015625, 178.369873046875, 708.4486694335938], "depth_scale": 0.1},
  "81": {"cam_K": [901.405775282118, 0.0, 642.5967408418655, 0.0, 901.2778134229172, 371.6907342476262, 0.0, 0.0, 1.0], "cam_R_w2c": [0.6427091956138611, -0.7583838701248169, 0.10852981358766556, -0.6533627510070801, -0.6165693402290344, -0.4392712414264679, 0.40005239844322205, 0.21141433715820312, -0.891774594783783], "cam_t_w2c": [-242.7451171875, 58.20989227294922, 809.8379516601562], "depth_scale": 0.1},
  "82": {"cam_K": [901.405775282118, 0.0, 642.5967408418655, 0.0, 901.2778134229172, 371.6907342476262, 0.0, 0.0, 1.0], "cam_R_w2c": [-0.033757518976926804, -0.9943142533302307, 0.1009935513138771, -0.7107595801353455, -0.04715729132294655, -0.7018526196479797, 0.7026246190071106, -0.09547490626573563, -0.7051264643669128], "cam_t_w2c": [-138.34262084960938, 159.21969604492188, 798.4593505859375], "depth_scale": 0.1},
  "83": {"cam_K": [901.405775282118, 0.0, 642.5967408418655, 0.0, 901.2778134229172, 371.6907342476262, 0.0, 0.0, 1.0], "cam_R_w2c": [0.01579272747039795, 0.9938241839408875, -0.10983747988939285, 0.9596065282821655, -0.04592645540833473, -0.2775722146034241, -0.2809023857116699, -0.10101710259914398, -0.9544054865837097], "cam_t_w2c": [142.2001495361328, -193.8828887939453, 930.2866821289062], "depth_scale": 0.1},
  "84": {"cam_K": [901.405775282118, 0.0, 642.5967408418655, 0.0, 901.2778134229172, 371.6907342476262, 0.0, 0.0, 1.0], "cam_R_w2c": [-0.7392624616622925, 0.6719437837600708, -0.0445253811776638, 0.610514760017395, 0.6408402919769287, -0.46539822220802307, -0.28418776392936707, -0.37123483419418335, -0.8839806914329529], "cam_t_w2c": [248.1483154296875, -18.86302375793457, 434.06134033203125], "depth_scale": 0.1},
  "85": {"cam_K": [901.405775282118, 0.0, 642.5967408418655, 0.0, 901.2778134229172, 371.6907342476262, 0.0, 0.0, 1.0], "cam_R_w2c": [0.8446940183639526, -0.5258955955505371, 0.09962865710258484, -0.5049715042114258, -0.8447006344795227, -0.17743872106075287, 0.1774706393480301, 0.09957178682088852, -0.9790758490562439], "cam_t_w2c": [-250.410400390625, -12.52346134185791, 763.86181640625], "depth_scale": 0.1},
  "86": {"cam_K": [901.405775282118, 0.0, 642.5967408418655, 0.0, 901.2778134229172, 371.6907342476262, 0.0, 0.0, 1.0], "cam_R_w2c": [-0.5837723016738892, -0.7923129200935364, 0.17734205722808838, -0.7747880816459656, 0.47832760214805603, -0.4134080410003662, 0.24272091686725616, -0.3787386417388916, -0.8931090235710144], "cam_t_w2c": [0.3906805217266083, 238.7689208984375, 556.4815673828125], "depth_scale": 0.1},
  "87": {"cam_K": [901.405775282118, 0.0, 642.5967408418655, 0.0, 901.2778134229172, 371.6907342476262, 0.0, 0.0, 1.0], "cam_R_w2c": [0.8308045864105225, -0.5460624694824219, -0.10760816931724548, -0.5182651281356812, -0.6885544657707214, -0.5072417855262756, 0.20289161801338196, 0.477188378572464, -0.8550593256950378], "cam_t_w2c": [-244.2456512451172, 22.411197662353516, 944.3736572265625], "depth_scale": 0.1},
  "88": {"cam_K": [901.405775282118, 0.0, 642.5967408418655, 0.0, 901.2778134229172, 371.6907342476262, 0.0, 0.0, 1.0], "cam_R_w2c": [-0.8877029418945312, 0.3098129630088806, -0.3405873775482178, 0.4534068703651428, 0.7168312072753906, -0.5296935439109802, 0.08003775030374527, -0.6246351003646851, -0.7768045663833618], "cam_t_w2c": [235.5062713623047, 25.96390151977539, 405.78778076171875], "depth_scale": 0.1},
  "89": {"cam_K": [901.405775282118, 0.0, 642.5967408418655, 0.0, 901.2778134229172, 371.6907342476262, 0.0, 0.0, 1.0], "cam_R_w2c": [0.23080351948738098, -0.9519115090370178, 0.201480433344841, -0.862803041934967, -0.2959487736225128, -0.40986043214797974, 0.44977867603302, -0.07924064248800278, -0.8896182179450989], "cam_t_w2c": [-189.2312774658203, 145.87899780273438, 392.7491149902344], "depth_scale": 0.1},
  "90": {"cam_K": [901.405775282118, 0.0, 642.5967408418655, 0.0, 901.2778134229172, 371.6907342476262, 0.0, 0.0, 1.0], "cam_R_w2c": [0.7388614416122437, -0.6304587125778198, -0.23791925609111786, -0.6620477437973022, -0.6133502125740051, -0.43069028854370117, 0.12560461461544037, 0.4757343530654907, -0.8705745935440063], "cam_t_w2c": [163.15716552734375, 250.36849975585938, 489.38433837890625], "depth_scale": 0.1},
  "91": {"cam_K": [901.405775282118, 0.0, 642.5967408418655, 0.0, 901.2778134229172, 371.6907342476262, 0.0, 0.0, 1.0], "cam_R_w2c": [0.9632878303527832, 0.2632429897785187, 0.05272223800420761, 0.2495248019695282, -0.8054117560386658, -0.5376331210136414, -0.09906503558158875, 0.531050980091095, -0.8415290117263794], "cam_t_w2c": [-145.6225128173828, 258.5196838378906, 895.788818359375], "depth_scale": 0.1},
  "92": {"cam_K": [901.405775282118, 0.0, 642.5967408418655, 0.0, 901.2778134229172, 371.6907342476262, 0.0, 0.0, 1.0], "cam_R_w2c": [-0.43745577335357666, -0.8259950876235962, -0.3554777503013611, -0.7524595856666565, 0.5526872277259827, -0.35824766755104065, 0.492378830909729, 0.11076510697603226, -0.8633041381835938], "cam_t_w2c": [302.2623596191406, -119.52836608886719, 400.2137451171875], "depth_scale": 0.1},
  "93": {"cam_K": [901.405775282118, 0.0, 642.5967408418655, 0.0, 901.2778134229172, 371.6907342476262, 0.0, 0.0, 1.0], "cam_R_w2c": [0.8421024084091187, -0.2888365387916565, -0.45545247197151184, -0.532416582107544, -0.31055980920791626, -0.7874548435211182, 0.08600049465894699, 0.9056081175804138, -0.4153045415878296], "cam_t_w2c": [53.90085983276367, 156.08489990234375, 279.7852478027344], "depth_scale": 0.1},
  "94": {"cam_K": [901.405775282118, 0.0, 642.5967408418655, 0.0, 901.2778134229172, 371.6907342476262, 0.0, 0.0, 1.0], "cam_R_w2c": [0.6398418545722961, 0.7682453989982605, 0.02003457583487034, 0.5548350811004639, -0.44374823570251465, -0.7037367224693298, -0.5317521691322327, 0.46139606833457947, -0.7101781964302063], "cam_t_w2c": [-286.2644348144531, 128.7684783935547, 812.4120483398438], "depth_scale": 0.1},
